  0.00000000E+00 -0.82342096E+01
  0.14477077E-01 -0.82337805E+01
  0.28954154E-01 -0.82324890E+01
  0.43431231E-01 -0.82303236E+01
  0.57908308E-01 -0.82272672E+01
  0.72385385E-01 -0.82233006E+01
  0.86862462E-01 -0.82184071E+01
  0.10133954E+00 -0.82125770E+01
  0.11581662E+00 -0.82058102E+01
  0.13029369E+00 -0.81981168E+01
  0.14477077E+00 -0.81895139E+01
  0.15924785E+00 -0.81800209E+01
  0.17372492E+00 -0.81696541E+01
  0.18820200E+00 -0.81584241E+01
  0.20267908E+00 -0.81463350E+01
  0.21715615E+00 -0.81333849E+01
  0.23163323E+00 -0.81195645E+01
  0.24611031E+00 -0.81048529E+01
  0.26058739E+00 -0.80892124E+01
  0.27506446E+00 -0.80725859E+01
  0.28954154E+00 -0.80549051E+01
  0.30401862E+00 -0.80361084E+01
  0.31849569E+00 -0.80161649E+01
  0.33297277E+00 -0.79950921E+01
  0.34744985E+00 -0.79729546E+01
  0.36192692E+00 -0.79498399E+01
  0.37640400E+00 -0.79258171E+01
  0.39088108E+00 -0.79009019E+01
  0.40535816E+00 -0.78750484E+01
  0.41983523E+00 -0.78481819E+01
  0.43431231E+00 -0.78202635E+01
  0.44878939E+00 -0.77913586E+01
  0.46326646E+00 -0.77616714E+01
  0.47774354E+00 -0.77315187E+01
  0.49222062E+00 -0.77012426E+01
  0.50669769E+00 -0.76710910E+01
  0.52117477E+00 -0.76411118E+01
  0.53565185E+00 -0.76111038E+01
  0.55012893E+00 -0.75806443E+01
  0.56460600E+00 -0.75491817E+01
  0.57908308E+00 -0.75161581E+01
  0.59356016E+00 -0.74811199E+01
  0.60803723E+00 -0.74437871E+01
  0.62251431E+00 -0.74040690E+01
  0.63699139E+00 -0.73620350E+01
  0.65146846E+00 -0.73178586E+01
  0.66594554E+00 -0.72717558E+01
  0.68042262E+00 -0.72239328E+01
  0.69489969E+00 -0.71745518E+01
  0.70937677E+00 -0.71237162E+01
  0.72385385E+00 -0.70714740E+01
  0.73833093E+00 -0.70178344E+01
  0.75280800E+00 -0.69627907E+01
  0.76728508E+00 -0.69063434E+01
  0.78176216E+00 -0.68485171E+01
  0.79623923E+00 -0.67893674E+01
  0.81071631E+00 -0.67289767E+01
  0.82519339E+00 -0.66674419E+01
  0.83967046E+00 -0.66048585E+01
  0.85414754E+00 -0.65413070E+01
  0.86862462E+00 -0.64768457E+01
  0.88310170E+00 -0.64115141E+01
  0.89757877E+00 -0.63453440E+01
  0.91205585E+00 -0.62783766E+01
  0.92653293E+00 -0.62106806E+01
  0.94101000E+00 -0.61423641E+01
  0.95548708E+00 -0.60735776E+01
  0.96996416E+00 -0.60045052E+01
  0.98444123E+00 -0.59353458E+01
  0.99891831E+00 -0.58662884E+01
  0.10133954E+01 -0.57974884E+01
  0.10278725E+01 -0.57290514E+01
  0.10423495E+01 -0.56610290E+01
  0.10568266E+01 -0.55934296E+01
  0.10713037E+01 -0.55262421E+01
  0.10857808E+01 -0.54594667E+01
  0.11002579E+01 -0.53931454E+01
  0.11147349E+01 -0.53273837E+01
  0.11292120E+01 -0.52623565E+01
  0.11436891E+01 -0.51982963E+01
  0.11581662E+01 -0.51354650E+01
  0.11726432E+01 -0.50741167E+01
  0.11871203E+01 -0.50144618E+01
  0.12015974E+01 -0.49566416E+01
  0.12160745E+01 -0.49007232E+01
  0.12305515E+01 -0.48467164E+01
  0.12450286E+01 -0.47946112E+01
  0.12595057E+01 -0.47444263E+01
  0.12739828E+01 -0.46962564E+01
  0.12884599E+01 -0.46503056E+01
  0.13029369E+01 -0.46068960E+01
  0.13174140E+01 -0.45664470E+01
  0.13318911E+01 -0.45294289E+01
  0.13463682E+01 -0.44962998E+01
  0.13608452E+01 -0.44674417E+01
  0.13753223E+01 -0.44431101E+01
  0.13897994E+01 -0.44234127E+01
  0.14042765E+01 -0.44083208E+01
  0.14187535E+01 -0.43977118E+01
  0.14332306E+01 -0.43914306E+01
  0.14477077E+01 -0.43893527E+01
  0.14621186E+01 -0.43887380E+01
  0.14765296E+01 -0.43869250E+01
  0.14909405E+01 -0.43839997E+01
  0.15053515E+01 -0.43800852E+01
  0.15197624E+01 -0.43753160E+01
  0.15341733E+01 -0.43698101E+01
  0.15485843E+01 -0.43636448E+01
  0.15629952E+01 -0.43568410E+01
  0.15774061E+01 -0.43493611E+01
  0.15918171E+01 -0.43411178E+01
  0.16062280E+01 -0.43319952E+01
  0.16206390E+01 -0.43218757E+01
  0.16350499E+01 -0.43106678E+01
  0.16494608E+01 -0.42983283E+01
  0.16638718E+01 -0.42848748E+01
  0.16782827E+01 -0.42703847E+01
  0.16926936E+01 -0.42549823E+01
  0.17071046E+01 -0.42388150E+01
  0.17215155E+01 -0.42220253E+01
  0.17359265E+01 -0.42047233E+01
  0.17503374E+01 -0.41869669E+01
  0.17647483E+01 -0.41687536E+01
  0.17791593E+01 -0.41500257E+01
  0.17935702E+01 -0.41306885E+01
  0.18079812E+01 -0.41106383E+01
  0.18223921E+01 -0.40897929E+01
  0.18368030E+01 -0.40681196E+01
  0.18512140E+01 -0.40456542E+01
  0.18656249E+01 -0.40225060E+01
  0.18800358E+01 -0.39988477E+01
  0.18944468E+01 -0.39748922E+01
  0.19088577E+01 -0.39508599E+01
  0.19232687E+01 -0.39269440E+01
  0.19376796E+01 -0.39032800E+01
  0.19520905E+01 -0.38799266E+01
  0.19665015E+01 -0.38568617E+01
  0.19809124E+01 -0.38339949E+01
  0.19953234E+01 -0.38111946E+01
  0.20097343E+01 -0.37883237E+01
  0.20241452E+01 -0.37652776E+01
  0.20385562E+01 -0.37420171E+01
  0.20529671E+01 -0.37185884E+01
  0.20673780E+01 -0.36951274E+01
  0.20817890E+01 -0.36718473E+01
  0.20961999E+01 -0.36490116E+01
  0.21106109E+01 -0.36268997E+01
  0.21250218E+01 -0.36057719E+01
  0.21394327E+01 -0.35858419E+01
  0.21538437E+01 -0.35672620E+01
  0.21682546E+01 -0.35501260E+01
  0.21826656E+01 -0.35344871E+01
  0.21970765E+01 -0.35203876E+01
  0.22114874E+01 -0.35078922E+01
  0.22258984E+01 -0.34971175E+01
  0.22403093E+01 -0.34882486E+01
  0.22547202E+01 -0.34815380E+01
  0.22691312E+01 -0.34772857E+01
  0.22835421E+01 -0.34758032E+01
  0.22980784E+01 -0.34773957E+01
  0.23126146E+01 -0.34822934E+01
  0.23271509E+01 -0.34905858E+01
  0.23416871E+01 -0.35022327E+01
  0.23562234E+01 -0.35170741E+01
  0.23707596E+01 -0.35348640E+01
  0.23852959E+01 -0.35553209E+01
  0.23998321E+01 -0.35781858E+01
  0.24143684E+01 -0.36032752E+01
  0.24289046E+01 -0.36305173E+01
  0.24434409E+01 -0.36599639E+01
  0.24579771E+01 -0.36917754E+01
  0.24725134E+01 -0.37261819E+01
  0.24870496E+01 -0.37634293E+01
  0.25015859E+01 -0.38037208E+01
  0.25161221E+01 -0.38471677E+01
  0.25306584E+01 -0.38937580E+01
  0.25451946E+01 -0.39433494E+01
  0.25597309E+01 -0.39956862E+01
  0.25742671E+01 -0.40504370E+01
  0.25888034E+01 -0.41072438E+01
  0.26033396E+01 -0.41657728E+01
  0.26178759E+01 -0.42257564E+01
  0.26324121E+01 -0.42870192E+01
  0.26469484E+01 -0.43494819E+01
  0.26614846E+01 -0.44131451E+01
  0.26760209E+01 -0.44780574E+01
  0.26905571E+01 -0.45442743E+01
  0.27050934E+01 -0.46118192E+01
  0.27196296E+01 -0.46806536E+01
  0.27341659E+01 -0.47506620E+01
  0.27487021E+01 -0.48216560E+01
  0.27632384E+01 -0.48933936E+01
  0.27777746E+01 -0.49656111E+01
  0.27923109E+01 -0.50380611E+01
  0.28068471E+01 -0.51105460E+01
  0.28213834E+01 -0.51829435E+01
  0.28359196E+01 -0.52552143E+01
  0.28504559E+01 -0.53273950E+01
  0.28649921E+01 -0.53995737E+01
  0.28795284E+01 -0.54718573E+01
  0.28940647E+01 -0.55443355E+01
  0.29086009E+01 -0.56170502E+01
  0.29231372E+01 -0.56899742E+01
  0.29376734E+01 -0.57630051E+01
  0.29522097E+01 -0.58359731E+01
  0.29667459E+01 -0.59086620E+01
  0.29812822E+01 -0.59808392E+01
  0.29958184E+01 -0.60522897E+01
  0.30103547E+01 -0.61228460E+01
  0.30248909E+01 -0.61924094E+01
  0.30394272E+01 -0.62609555E+01
  0.30539634E+01 -0.63285255E+01
  0.30684997E+01 -0.63952031E+01
  0.30830359E+01 -0.64610839E+01
  0.30975722E+01 -0.65262430E+01
  0.31121084E+01 -0.65907089E+01
  0.31266447E+01 -0.66544461E+01
  0.31411809E+01 -0.67173510E+01
  0.31557172E+01 -0.67792602E+01
  0.31702534E+01 -0.68399698E+01
  0.31847897E+01 -0.68992644E+01
  0.31993259E+01 -0.69569489E+01
  0.32138622E+01 -0.70128785E+01
  0.32283984E+01 -0.70669792E+01
  0.32429347E+01 -0.71192538E+01
  0.32574709E+01 -0.71697701E+01
  0.32720072E+01 -0.72186364E+01
  0.32865434E+01 -0.72659684E+01
  0.33010797E+01 -0.73118576E+01
  0.33156159E+01 -0.73563472E+01
  0.33301522E+01 -0.73994205E+01
  0.33446884E+01 -0.74410028E+01
  0.33592247E+01 -0.74809756E+01
  0.33737609E+01 -0.75192036E+01
  0.33882972E+01 -0.75555716E+01
  0.34028334E+01 -0.75900263E+01
  0.34173697E+01 -0.76226153E+01
  0.34319059E+01 -0.76535092E+01
  0.34464422E+01 -0.76829955E+01
  0.34609784E+01 -0.77114378E+01
  0.34755147E+01 -0.77392075E+01
  0.34900509E+01 -0.77666064E+01
  0.35045872E+01 -0.77938058E+01
  0.35191234E+01 -0.78208229E+01
  0.35336597E+01 -0.78475430E+01
  0.35481959E+01 -0.78737754E+01
  0.35627322E+01 -0.78993220E+01
  0.35772684E+01 -0.79240304E+01
  0.35918047E+01 -0.79478171E+01
  0.36063409E+01 -0.79706583E+01
  0.36208772E+01 -0.79925609E+01
  0.36354134E+01 -0.80135326E+01
  0.36499497E+01 -0.80335638E+01
  0.36644859E+01 -0.80526277E+01
  0.36790222E+01 -0.80706925E+01
  0.36935584E+01 -0.80877363E+01
  0.37080947E+01 -0.81037571E+01
  0.37226309E+01 -0.81187720E+01
  0.37371672E+01 -0.81328111E+01
  0.37517034E+01 -0.81459077E+01
  0.37662397E+01 -0.81580904E+01
  0.37807759E+01 -0.81693789E+01
  0.37953122E+01 -0.81797824E+01
  0.38098485E+01 -0.81893003E+01
  0.38243847E+01 -0.81979238E+01
  0.38389210E+01 -0.82056391E+01
  0.38534572E+01 -0.82124318E+01
  0.38679935E+01 -0.82182916E+01
  0.38825297E+01 -0.82232160E+01
  0.38970660E+01 -0.82272114E+01
  0.39116022E+01 -0.82302919E+01
  0.39261385E+01 -0.82324749E+01
  0.39406747E+01 -0.82337770E+01
  0.39552110E+01 -0.82342096E+01
  
  0.00000000E+00  0.12048354E+01
  0.14477077E-01  0.12056980E+01
  0.28954154E-01  0.12082795E+01
  0.43431231E-01  0.12125616E+01
  0.57908308E-01  0.12185142E+01
  0.72385385E-01  0.12260994E+01
  0.86862462E-01  0.12352761E+01
  0.10133954E+00  0.12460085E+01
  0.11581662E+00  0.12582754E+01
  0.13029369E+00  0.12720782E+01
  0.14477077E+00  0.12874461E+01
  0.15924785E+00  0.13044353E+01
  0.17372492E+00  0.13231240E+01
  0.18820200E+00  0.13436010E+01
  0.20267908E+00  0.13659504E+01
  0.21715615E+00  0.13902305E+01
  0.23163323E+00  0.14164504E+01
  0.24611031E+00  0.14445459E+01
  0.26058739E+00  0.14743630E+01
  0.27506446E+00  0.15056589E+01
  0.28954154E+00  0.15381277E+01
  0.30401862E+00  0.15714534E+01
  0.31849569E+00  0.16053801E+01
  0.33297277E+00  0.16397821E+01
  0.34744985E+00  0.16747124E+01
  0.36192692E+00  0.17104159E+01
  0.37640400E+00  0.17473066E+01
  0.39088108E+00  0.17859254E+01
  0.40535816E+00  0.18268994E+01
  0.41983523E+00  0.18709183E+01
  0.43431231E+00  0.19187279E+01
  0.44878939E+00  0.19711200E+01
  0.46326646E+00  0.20288941E+01
  0.47774354E+00  0.20927734E+01
  0.49222062E+00  0.21632824E+01
  0.50669769E+00  0.22406181E+01
  0.52117477E+00  0.23245610E+01
  0.53565185E+00  0.24144636E+01
  0.55012893E+00  0.25093280E+01
  0.56460600E+00  0.26079507E+01
  0.57908308E+00  0.27090924E+01
  0.59356016E+00  0.28116218E+01
  0.60803723E+00  0.29145998E+01
  0.62251431E+00  0.30172935E+01
  0.63699139E+00  0.31191285E+01
  0.65146846E+00  0.32196081E+01
  0.66594554E+00  0.33182232E+01
  0.68042262E+00  0.34143777E+01
  0.69489969E+00  0.35073436E+01
  0.70937677E+00  0.35962496E+01
  0.72385385E+00  0.36801031E+01
  0.73833093E+00  0.37578379E+01
  0.75280800E+00  0.38283772E+01
  0.76728508E+00  0.38907003E+01
  0.78176216E+00  0.39439008E+01
  0.79623923E+00  0.39872293E+01
  0.81071631E+00  0.40201153E+01
  0.82519339E+00  0.40421711E+01
  0.83967046E+00  0.40531811E+01
  0.85414754E+00  0.40530860E+01
  0.86862462E+00  0.40419653E+01
  0.88310170E+00  0.40200262E+01
  0.89757877E+00  0.39875972E+01
  0.91205585E+00  0.39451261E+01
  0.92653293E+00  0.38931772E+01
  0.94101000E+00  0.38324239E+01
  0.95548708E+00  0.37636313E+01
  0.96996416E+00  0.36876294E+01
  0.98444123E+00  0.36052782E+01
  0.99891831E+00  0.35174308E+01
  0.10133954E+01  0.34249013E+01
  0.10278725E+01  0.33284460E+01
  0.10423495E+01  0.32287602E+01
  0.10568266E+01  0.31264943E+01
  0.10713037E+01  0.30222835E+01
  0.10857808E+01  0.29167835E+01
  0.11002579E+01  0.28107023E+01
  0.11147349E+01  0.27048165E+01
  0.11292120E+01  0.25999654E+01
  0.11436891E+01  0.24970193E+01
  0.11581662E+01  0.23968273E+01
  0.11726432E+01  0.23001525E+01
  0.11871203E+01  0.22076101E+01
  0.12015974E+01  0.21196217E+01
  0.12160745E+01  0.20363984E+01
  0.12305515E+01  0.19579582E+01
  0.12450286E+01  0.18841749E+01
  0.12595057E+01  0.18148503E+01
  0.12739828E+01  0.17497945E+01
  0.12884599E+01  0.16888953E+01
  0.13029369E+01  0.16321654E+01
  0.13174140E+01  0.15797549E+01
  0.13318911E+01  0.15319307E+01
  0.13463682E+01  0.14890289E+01
  0.13608452E+01  0.14513929E+01
  0.13753223E+01  0.14193170E+01
  0.13897994E+01  0.13930057E+01
  0.14042765E+01  0.13725623E+01
  0.14187535E+01  0.13580041E+01
  0.14332306E+01  0.13492981E+01
  0.14477077E+01  0.13464021E+01
  0.14621186E+01  0.13464547E+01
  0.14765296E+01  0.13466260E+01
  0.14909405E+01  0.13469538E+01
  0.15053515E+01  0.13474903E+01
  0.15197624E+01  0.13482887E+01
  0.15341733E+01  0.13493888E+01
  0.15485843E+01  0.13508058E+01
  0.15629952E+01  0.13525235E+01
  0.15774061E+01  0.13544946E+01
  0.15918171E+01  0.13566485E+01
  0.16062280E+01  0.13589033E+01
  0.16206390E+01  0.13611809E+01
  0.16350499E+01  0.13634209E+01
  0.16494608E+01  0.13655903E+01
  0.16638718E+01  0.13676863E+01
  0.16782827E+01  0.13697317E+01
  0.16926936E+01  0.13717636E+01
  0.17071046E+01  0.13738177E+01
  0.17215155E+01  0.13759117E+01
  0.17359265E+01  0.13780322E+01
  0.17503374E+01  0.13801280E+01
  0.17647483E+01  0.13821117E+01
  0.17791593E+01  0.13838706E+01
  0.17935702E+01  0.13852836E+01
  0.18079812E+01  0.13862425E+01
  0.18223921E+01  0.13866720E+01
  0.18368030E+01  0.13865441E+01
  0.18512140E+01  0.13858839E+01
  0.18656249E+01  0.13847641E+01
  0.18800358E+01  0.13832893E+01
  0.18944468E+01  0.13815721E+01
  0.19088577E+01  0.13797066E+01
  0.19232687E+01  0.13777426E+01
  0.19376796E+01  0.13756688E+01
  0.19520905E+01  0.13734063E+01
  0.19665015E+01  0.13708158E+01
  0.19809124E+01  0.13677175E+01
  0.19953234E+01  0.13639205E+01
  0.20097343E+01  0.13592560E+01
  0.20241452E+01  0.13536087E+01
  0.20385562E+01  0.13469399E+01
  0.20529671E+01  0.13392978E+01
  0.20673780E+01  0.13308130E+01
  0.20817890E+01  0.13216804E+01
  0.20961999E+01  0.13121306E+01
  0.21106109E+01  0.13023978E+01
  0.21250218E+01  0.12926904E+01
  0.21394327E+01  0.12831709E+01
  0.21538437E+01  0.12739494E+01
  0.21682546E+01  0.12650922E+01
  0.21826656E+01  0.12566440E+01
  0.21970765E+01  0.12486573E+01
  0.22114874E+01  0.12412239E+01
  0.22258984E+01  0.12344983E+01
  0.22403093E+01  0.12287090E+01
  0.22547202E+01  0.12241515E+01
  0.22691312E+01  0.12211656E+01
  0.22835421E+01  0.12200977E+01
  0.22980784E+01  0.12212799E+01
  0.23126146E+01  0.12249725E+01
  0.23271509E+01  0.12313127E+01
  0.23416871E+01  0.12403233E+01
  0.23562234E+01  0.12519276E+01
  0.23707596E+01  0.12659824E+01
  0.23852959E+01  0.12823257E+01
  0.23998321E+01  0.13008263E+01
  0.24143684E+01  0.13214257E+01
  0.24289046E+01  0.13441625E+01
  0.24434409E+01  0.13691734E+01
  0.24579771E+01  0.13966717E+01
  0.24725134E+01  0.14269059E+01
  0.24870496E+01  0.14601104E+01
  0.25015859E+01  0.14964584E+01
  0.25161221E+01  0.15360277E+01
  0.25306584E+01  0.15787874E+01
  0.25451946E+01  0.16246092E+01
  0.25597309E+01  0.16732989E+01
  0.25742671E+01  0.17246429E+01
  0.25888034E+01  0.17784586E+01
  0.26033396E+01  0.18346383E+01
  0.26178759E+01  0.18931776E+01
  0.26324121E+01  0.19541806E+01
  0.26469484E+01  0.20178415E+01
  0.26614846E+01  0.20844054E+01
  0.26760209E+01  0.21541154E+01
  0.26905571E+01  0.22271565E+01
  0.27050934E+01  0.23036074E+01
  0.27196296E+01  0.23834076E+01
  0.27341659E+01  0.24663459E+01
  0.27487021E+01  0.25520708E+01
  0.27632384E+01  0.26401198E+01
  0.27777746E+01  0.27299612E+01
  0.27923109E+01  0.28210399E+01
  0.28068471E+01  0.29128178E+01
  0.28213834E+01  0.30048027E+01
  0.28359196E+01  0.30965581E+01
  0.28504559E+01  0.31876963E+01
  0.28649921E+01  0.32778549E+01
  0.28795284E+01  0.33666656E+01
  0.28940647E+01  0.34537209E+01
  0.29086009E+01  0.35385479E+01
  0.29231372E+01  0.36205933E+01
  0.29376734E+01  0.36992228E+01
  0.29522097E+01  0.37737343E+01
  0.29667459E+01  0.38433829E+01
  0.29812822E+01  0.39074135E+01
  0.29958184E+01  0.39650957E+01
  0.30103547E+01  0.40157544E+01
  0.30248909E+01  0.40587925E+01
  0.30394272E+01  0.40937019E+01
  0.30539634E+01  0.41200629E+01
  0.30684997E+01  0.41375360E+01
  0.30830359E+01  0.41458504E+01
  0.30975722E+01  0.41447965E+01
  0.31121084E+01  0.41342250E+01
  0.31266447E+01  0.41140561E+01
  0.31411809E+01  0.40842963E+01
  0.31557172E+01  0.40450606E+01
  0.31702534E+01  0.39965957E+01
  0.31847897E+01  0.39393009E+01
  0.31993259E+01  0.38737400E+01
  0.32138622E+01  0.38006417E+01
  0.32283984E+01  0.37208822E+01
  0.32429347E+01  0.36354510E+01
  0.32574709E+01  0.35453998E+01
  0.32720072E+01  0.34517835E+01
  0.32865434E+01  0.33556021E+01
  0.33010797E+01  0.32577540E+01
  0.33156159E+01  0.31590083E+01
  0.33301522E+01  0.30599984E+01
  0.33446884E+01  0.29612362E+01
  0.33592247E+01  0.28631420E+01
  0.33737609E+01  0.27660858E+01
  0.33882972E+01  0.26704344E+01
  0.34028334E+01  0.25765970E+01
  0.34173697E+01  0.24850602E+01
  0.34319059E+01  0.23963986E+01
  0.34464422E+01  0.23112513E+01
  0.34609784E+01  0.22302626E+01
  0.34755147E+01  0.21539945E+01
  0.34900509E+01  0.20828361E+01
  0.35045872E+01  0.20169351E+01
  0.35191234E+01  0.19561769E+01
  0.35336597E+01  0.19002173E+01
  0.35481959E+01  0.18485584E+01
  0.35627322E+01  0.18006422E+01
  0.35772684E+01  0.17559319E+01
  0.35918047E+01  0.17139637E+01
  0.36063409E+01  0.16743618E+01
  0.36208772E+01  0.16368295E+01
  0.36354134E+01  0.16011305E+01
  0.36499497E+01  0.15670764E+01
  0.36644859E+01  0.15345231E+01
  0.36790222E+01  0.15033762E+01
  0.36935584E+01  0.14735938E+01
  0.37080947E+01  0.14451832E+01
  0.37226309E+01  0.14181883E+01
  0.37371672E+01  0.13926719E+01
  0.37517034E+01  0.13686983E+01
  0.37662397E+01  0.13463210E+01
  0.37807759E+01  0.13255761E+01
  0.37953122E+01  0.13064821E+01
  0.38098485E+01  0.12890417E+01
  0.38243847E+01  0.12732470E+01
  0.38389210E+01  0.12590844E+01
  0.38534572E+01  0.12465419E+01
  0.38679935E+01  0.12356141E+01
  0.38825297E+01  0.12263064E+01
  0.38970660E+01  0.12186356E+01
  0.39116022E+01  0.12126267E+01
  0.39261385E+01  0.12083080E+01
  0.39406747E+01  0.12057051E+01
  0.39552110E+01  0.12048354E+01
  
