0	-13.87896
0.0116	-13.91214
0.02321	-13.94509
0.03481	-13.97778
0.04642	-14.01021
0.05802	-14.04234
0.06963	-14.07415
0.08123	-14.10563
0.09284	-14.13676
0.10444	-14.16753
0.11605	-14.19791
0.12765	-14.22788
0.13926	-14.25744
0.15086	-14.28656
0.16247	-14.31524
0.17407	-14.34346
0.18568	-14.3712
0.19728	-14.39846
0.20889	-14.42521
0.22049	-14.45146
0.2321	-14.47719
0.2437	-14.50238
0.25531	-14.52703
0.26691	-14.55112
0.27852	-14.57466
0.29012	-14.59762
0.30173	-14.62
0.31333	-14.64179
0.32493	-14.66299
0.33654	-14.68358
0.34814	-14.70357
0.35975	-14.72293
0.37135	-14.74167
0.38296	-14.75978
0.39456	-14.77725
0.40617	-14.79407
0.41777	-14.81025
0.42938	-14.82578
0.44098	-14.84065
0.45259	-14.85485
0.46419	-14.86839
0.4758	-14.88126
0.4874	-14.89345
0.49901	-14.90497
0.51061	-14.91581
0.52222	-14.92595
0.53382	-14.93541
0.54543	-14.94419
0.55703	-14.95226
0.56864	-14.95965
0.58024	-14.96634
0.59185	-14.97232
0.60345	-14.97761
0.61506	-14.98219
0.62666	-14.98607
0.63827	-14.98925
0.64987	-14.99172
0.66147	-14.99349
0.67308	-14.99455
0.68468	-14.9949
0.68468	-14.9949
0.70084	-14.99404
0.717	-14.99147
0.73316	-14.98717
0.74932	-14.98117
0.76547	-14.97344
0.78163	-14.964
0.79779	-14.95284
0.81395	-14.93998
0.8301	-14.9254
0.84626	-14.90911
0.86242	-14.89111
0.87858	-14.87142
0.89473	-14.85002
0.91089	-14.82693
0.92705	-14.80214
0.94321	-14.77566
0.95937	-14.7475
0.97552	-14.71765
0.99168	-14.68613
1.00784	-14.65293
1.024	-14.61807
1.04015	-14.58154
1.05631	-14.54336
1.07247	-14.50352
1.08863	-14.46205
1.10478	-14.41894
1.12094	-14.3742
1.1371	-14.32784
1.15326	-14.27988
1.16942	-14.2303
1.18557	-14.17914
1.20173	-14.1264
1.21789	-14.0721
1.23405	-14.01623
1.2502	-13.95881
1.26636	-13.89986
1.28252	-13.8394
1.29868	-13.77743
1.31483	-13.71397
1.33099	-13.64904
1.34715	-13.58265
1.36331	-13.51483
1.37947	-13.44559
1.39562	-13.37496
1.41178	-13.30296
1.42794	-13.22962
1.4441	-13.15495
1.46025	-13.079
1.47641	-13.00177
1.49257	-12.92332
1.50873	-12.84367
1.52488	-12.76286
1.54104	-12.68092
1.5572	-12.5979
1.57336	-12.51383
1.58952	-12.42878
1.60567	-12.34278
1.62183	-12.25589
1.63799	-12.16818

1.63799	-12.16818
1.62183	-12.0797
1.60567	-11.99052
1.58952	-11.90072
1.57336	-11.81037
1.5572	-11.71956
1.54104	-11.62837
1.52488	-11.5369
1.50873	-11.44525
1.49257	-11.35353
1.47641	-11.26186
1.46025	-11.17037
1.4441	-11.0792
1.42794	-10.98848
1.41178	-10.89836
1.39562	-10.81029
1.37947	-10.88641
1.36331	-10.96088
1.34715	-11.03369
1.33099	-11.10482
1.31483	-11.17427
1.29868	-11.24203
1.28252	-11.30809
1.26636	-11.37246
1.2502	-11.43512
1.23405	-11.49607
1.21789	-11.55531
1.20173	-11.61282
1.18557	-11.66861
1.16942	-11.72266
1.15326	-11.77499
1.1371	-11.82557
1.12094	-11.87441
1.10478	-11.9215
1.08863	-11.96685
1.07247	-12.01044
1.05631	-12.05227
1.04015	-12.09235
1.024	-12.13066
1.00784	-12.16721
0.99168	-12.20199
0.97552	-12.235
0.95937	-12.26623
0.94321	-12.2957
0.92705	-12.32339
0.91089	-12.3493
0.89473	-12.37343
0.87858	-12.39578
0.86242	-12.41634
0.84626	-12.43513
0.8301	-12.45212
0.81395	-12.46734
0.79779	-12.48076
0.78163	-12.49239
0.76547	-12.50224
0.74932	-12.5103
0.73316	-12.51656
0.717	-12.52104
0.70084	-12.52372
0.68468	-12.52462
0.68468	-12.52462
0.67308	-12.52509
0.66147	-12.52649
0.64987	-12.52882
0.63827	-12.53209
0.62666	-12.5363
0.61506	-12.54144
0.60345	-12.54752
0.59185	-12.55454
0.58024	-12.5625
0.56864	-12.57141
0.55703	-12.58126
0.54543	-12.59206
0.53382	-12.6038
0.52222	-12.61648
0.51061	-12.63011
0.49901	-12.64468
0.4874	-12.66018
0.4758	-12.67661
0.46419	-12.69396
0.45259	-12.71223
0.44098	-12.73139
0.42938	-12.75145
0.41777	-12.77237
0.40617	-12.79416
0.39456	-12.81678
0.38296	-12.84022
0.37135	-12.86447
0.35975	-12.88948
0.34814	-12.91525
0.33654	-12.94173
0.32493	-12.96891
0.31333	-12.99676
0.30173	-13.02524
0.29012	-13.05432
0.27852	-13.08398
0.26691	-13.11417
0.25531	-13.14486
0.2437	-13.17603
0.2321	-13.20763
0.22049	-13.23963
0.20889	-13.27199
0.19728	-13.30468
0.18568	-13.33766
0.17407	-13.37091
0.16247	-13.40438
0.15086	-13.43804
0.13926	-13.47186
0.12765	-13.50581
0.11605	-13.53985
0.10444	-13.57396
0.09284	-13.6081
0.08123	-13.64224
0.06963	-13.67635
0.05802	-13.71041
0.04642	-13.74439
0.03481	-13.77826
0.02321	-13.81199
0.0116	-13.84557
0	-13.87896

0	-8.43126
0.0116	-8.47049
0.02321	-8.50877
0.03481	-8.5461
0.04642	-8.58247
0.05802	-8.61784
0.06963	-8.65221
0.08123	-8.68557
0.09284	-8.71789
0.10444	-8.74917
0.11605	-8.77939
0.12765	-8.80853
0.13926	-8.83658
0.15086	-8.86354
0.16247	-8.88938
0.17407	-8.91409
0.18568	-8.93768
0.19728	-8.96013
0.20889	-8.98143
0.22049	-9.00158
0.2321	-9.02058
0.2437	-9.03841
0.25531	-9.05509
0.26691	-9.07061
0.27852	-9.08498
0.29012	-9.09821
0.30173	-9.1103
0.31333	-9.12127
0.32493	-9.13114
0.33654	-9.13992
0.34814	-9.14763
0.35975	-9.15431
0.37135	-9.15998
0.38296	-9.16467
0.39456	-9.16843
0.40617	-9.1713
0.41777	-9.17331
0.42938	-9.17453
0.44098	-9.17501
0.45259	-9.1748
0.46419	-9.17396
0.4758	-9.17257
0.4874	-9.17068
0.49901	-9.16837
0.51061	-9.16571
0.52222	-9.16277
0.53382	-9.15963
0.54543	-9.15635
0.55703	-9.15301
0.56864	-9.14969
0.58024	-9.14644
0.59185	-9.14334
0.60345	-9.14045
0.61506	-9.13782
0.62666	-9.1355
0.63827	-9.13354
0.64987	-9.13198
0.66147	-9.13084
0.67308	-9.13015
0.68468	-9.12991
0.68468	-9.12991
0.70084	-9.13021
0.717	-9.1311
0.73316	-9.13261
0.74932	-9.13476
0.76547	-9.13759
0.78163	-9.14116
0.79779	-9.14552
0.81395	-9.15075
0.8301	-9.15693
0.84626	-9.16417
0.86242	-9.17256
0.87858	-9.18224
0.89473	-9.19331
0.91089	-9.20594
0.92705	-9.22025
0.94321	-9.23641
0.95937	-9.25458
0.97552	-9.27492
0.99168	-9.2976
1.00784	-9.32277
1.024	-9.3506
1.04015	-9.38125
1.05631	-9.41483
1.07247	-9.4515
1.08863	-9.49133
1.10478	-9.53442
1.12094	-9.58083
1.1371	-9.63058
1.15326	-9.68367
1.16942	-9.74008
1.18557	-9.79974
1.20173	-9.86259
1.21789	-9.9285
1.23405	-9.99734
1.2502	-10.06897
1.26636	-10.14322
1.28252	-10.21991
1.29868	-10.29886
1.31483	-10.37986
1.33099	-10.46273
1.34715	-10.54727
1.36331	-10.63328
1.37947	-10.72059
1.39562	-10.80901
1.41178	-10.73251
1.42794	-10.65309
1.4441	-10.57204
1.46025	-10.48937
1.47641	-10.40509
1.49257	-10.31921
1.50873	-10.23173
1.52488	-10.14269
1.54104	-10.05207
1.5572	-9.95991
1.57336	-9.86621
1.58952	-9.77099
1.60567	-9.67427
1.62183	-9.57606
1.63799	-9.47638

1.63799	-9.47638
1.62183	-9.37526
1.60567	-9.27272
1.58952	-9.16878
1.57336	-9.06347
1.5572	-8.95681
1.54104	-8.84884
1.52488	-8.73959
1.50873	-8.62909
1.49257	-8.51738
1.47641	-8.40451
1.46025	-8.29052
1.4441	-8.17545
1.42794	-8.05938
1.41178	-7.94237
1.39562	-7.82446
1.37947	-7.70575
1.36331	-7.58632
1.34715	-7.46626
1.33099	-7.34567
1.31483	-7.22468
1.29868	-7.10342
1.28252	-6.98203
1.26636	-6.86068
1.2502	-6.73956
1.23405	-6.61887
1.21789	-6.49885
1.20173	-6.37978
1.18557	-6.26196
1.16942	-6.14572
1.15326	-6.03144
1.1371	-5.91954
1.12094	-5.8105
1.10478	-5.70478
1.08863	-5.60293
1.07247	-5.50548
1.05631	-5.41297
1.04015	-5.38529
1.024	-5.41095
1.00784	-5.43569
0.99168	-5.45947
0.97552	-5.48224
0.95937	-5.50397
0.94321	-5.52462
0.92705	-5.54416
0.91089	-5.56255
0.89473	-5.57978
0.87858	-5.59582
0.86242	-5.61065
0.84626	-5.62424
0.8301	-5.63659
0.81395	-5.64767
0.79779	-5.65748
0.78163	-5.66601
0.76547	-5.67324
0.74932	-5.67916
0.73316	-5.68378
0.717	-5.68708
0.70084	-5.68906
0.68468	-5.68972
0.68468	-5.68972
0.67308	-5.69239
0.66147	-5.70035
0.64987	-5.71342
0.63827	-5.73136
0.62666	-5.75384
0.61506	-5.7805
0.60345	-5.81096
0.59185	-5.84486
0.58024	-5.88183
0.56864	-5.92154
0.55703	-5.96368
0.54543	-6.00799
0.53382	-6.0542
0.52222	-6.10211
0.51061	-6.1515
0.49901	-6.20218
0.4874	-6.254
0.4758	-6.30681
0.46419	-6.36048
0.45259	-6.41488
0.44098	-6.4699
0.42938	-6.52543
0.41777	-6.58139
0.40617	-6.63769
0.39456	-6.69425
0.38296	-6.75099
0.37135	-6.80785
0.35975	-6.86476
0.34814	-6.92167
0.33654	-6.9785
0.32493	-7.03523
0.31333	-7.09179
0.30173	-7.14814
0.29012	-7.20424
0.27852	-7.26004
0.26691	-7.31551
0.25531	-7.3706
0.2437	-7.42529
0.2321	-7.47955
0.22049	-7.53332
0.20889	-7.5866
0.19728	-7.63935
0.18568	-7.69153
0.17407	-7.74313
0.16247	-7.79412
0.15086	-7.84448
0.13926	-7.89418
0.12765	-7.94319
0.11605	-7.9915
0.10444	-8.03908
0.09284	-8.08591
0.08123	-8.13197
0.06963	-8.17725
0.05802	-8.22172
0.04642	-8.26536
0.03481	-8.30815
0.02321	-8.35008
0.0116	-8.39112
0	-8.43126

0	-2.95702
0.0116	-3.00224
0.02321	-3.04689
0.03481	-3.09097
0.04642	-3.13449
0.05802	-3.17743
0.06963	-3.21979
0.08123	-3.26158
0.09284	-3.30279
0.10444	-3.34341
0.11605	-3.38345
0.12765	-3.42291
0.13926	-3.46179
0.15086	-3.50008
0.16247	-3.5378
0.17407	-3.57494
0.18568	-3.6115
0.19728	-3.6475
0.20889	-3.68292
0.22049	-3.71779
0.2321	-3.75211
0.2437	-3.78588
0.25531	-3.81911
0.26691	-3.85182
0.27852	-3.88401
0.29012	-3.91568
0.30173	-3.94686
0.31333	-3.97757
0.32493	-4.00779
0.33654	-4.03756
0.34814	-4.06689
0.35975	-4.0958
0.37135	-4.1243
0.38296	-4.1524
0.39456	-4.18013
0.40617	-4.2075
0.41777	-4.23453
0.42938	-4.26122
0.44098	-4.2876
0.45259	-4.31367
0.46419	-4.33944
0.4758	-4.3649
0.4874	-4.39005
0.49901	-4.41488
0.51061	-4.43936
0.52222	-4.46345
0.53382	-4.48709
0.54543	-4.51021
0.55703	-4.53271
0.56864	-4.55445
0.58024	-4.57528
0.59185	-4.59501
0.60345	-4.61341
0.61506	-4.63023
0.62666	-4.64518
0.63827	-4.65797
0.64987	-4.6683
0.66147	-4.6759
0.67308	-4.68056
0.68468	-4.68213
0.68468	-4.68213
0.70084	-4.68267
0.717	-4.68434
0.73316	-4.68717
0.74932	-4.69128
0.76547	-4.69679
0.78163	-4.7039
0.79779	-4.71282
0.81395	-4.72384
0.8301	-4.73728
0.84626	-4.75351
0.86242	-4.77296
0.87858	-4.79608
0.89473	-4.82338
0.91089	-4.85536
0.92705	-4.89253
0.94321	-4.93535
0.95937	-4.98425
0.97552	-5.03952
0.99168	-5.10135
1.00784	-5.16979
1.024	-5.24472
1.04015	-5.3259
1.05631	-5.35877
1.07247	-5.33144
1.08863	-5.30337
1.10478	-5.27462
1.12094	-5.24528
1.1371	-5.23709
1.15326	-5.2814
1.16942	-5.32063
1.18557	-5.35476
1.20173	-5.38383
1.21789	-5.4079
1.23405	-5.42707
1.2502	-5.44146
1.26636	-5.45123
1.28252	-5.45654
1.29868	-5.45759
1.31483	-5.45457
1.33099	-5.4477
1.34715	-5.43721
1.36331	-5.42333
1.37947	-5.40628
1.39562	-5.38631
1.41178	-5.36365
1.42794	-5.33856
1.4441	-5.31129
1.46025	-5.28209
1.47641	-5.25122
1.49257	-5.21894
1.50873	-5.18552
1.52488	-5.15125
1.54104	-5.11642
1.5572	-5.08133
1.57336	-5.04627
1.58952	-5.01159
1.60567	-4.97759
1.62183	-4.94463
1.63799	-4.91304

1.63799	-4.91304
1.62183	-4.88318
1.60567	-4.85536
1.58952	-4.82993
1.57336	-4.80719
1.5572	-4.78742
1.54104	-4.77086
1.52488	-4.75771
1.50873	-4.74811
1.49257	-4.74215
1.47641	-4.73985
1.46025	-4.74117
1.4441	-4.74602
1.42794	-4.75426
1.41178	-4.76569
1.39562	-4.78009
1.37947	-4.79722
1.36331	-4.81681
1.34715	-4.83861
1.33099	-4.86234
1.31483	-4.88774
1.29868	-4.91455
1.28252	-4.94255
1.26636	-4.9715
1.2502	-5.00119
1.23405	-5.03144
1.21789	-5.06205
1.20173	-5.09287
1.18557	-5.12375
1.16942	-5.15455
1.15326	-5.18514
1.1371	-5.21542
1.12094	-5.18774
1.10478	-5.13344
1.08863	-5.07435
1.07247	-5.01062
1.05631	-4.94249
1.04015	-4.87022
1.024	-4.79411
1.00784	-4.71453
0.99168	-4.63185
0.97552	-4.54651
0.95937	-4.45899
0.94321	-4.36979
0.92705	-4.35478
0.91089	-4.37639
0.89473	-4.39657
0.87858	-4.4153
0.86242	-4.43258
0.84626	-4.44838
0.8301	-4.46271
0.81395	-4.47555
0.79779	-4.48689
0.78163	-4.49674
0.76547	-4.50508
0.74932	-4.51191
0.73316	-4.51722
0.717	-4.52102
0.70084	-4.5233
0.68468	-4.52406
0.68468	-4.52406
0.67308	-4.52248
0.66147	-4.51773
0.64987	-4.50983
0.63827	-4.4988
0.62666	-4.48468
0.61506	-4.4675
0.60345	-4.44731
0.59185	-4.42416
0.58024	-4.39812
0.56864	-4.36924
0.55703	-4.33762
0.54543	-4.30331
0.53382	-4.2664
0.52222	-4.22698
0.51061	-4.18513
0.49901	-4.14094
0.4874	-4.09449
0.4758	-4.04589
0.46419	-3.99522
0.45259	-3.94258
0.44098	-3.88804
0.42938	-3.83172
0.41777	-3.77369
0.40617	-3.71404
0.39456	-3.65287
0.38296	-3.59025
0.37135	-3.52629
0.35975	-3.46105
0.34814	-3.39463
0.33654	-3.3271
0.32493	-3.25855
0.31333	-3.18906
0.30173	-3.11871
0.29012	-3.04757
0.27852	-3.02482
0.26691	-3.00755
0.25531	-2.98992
0.2437	-2.97195
0.2321	-2.95364
0.22049	-2.935
0.20889	-2.91605
0.19728	-2.8968
0.18568	-2.87727
0.17407	-2.85747
0.16247	-2.83741
0.15086	-2.8171
0.13926	-2.79657
0.12765	-2.77582
0.11605	-2.75488
0.10444	-2.73375
0.09284	-2.71246
0.08123	-2.69101
0.06963	-2.67446
0.05802	-2.72285
0.04642	-2.77074
0.03481	-2.81811
0.02321	-2.86495
0.0116	-2.91126
0	-2.95702

0	-2.53821
0.0116	-2.5602
0.02321	-2.58217
0.03481	-2.6041
0.04642	-2.62596
0.05802	-2.64775
0.06963	-2.66944
0.08123	-2.62559
0.09284	-2.57627
0.10444	-2.52654
0.11605	-2.47648
0.12765	-2.42625
0.13926	-2.37626
0.15086	-2.32802
0.16247	-2.29207
0.17407	-2.32101
0.18568	-2.38853
0.19728	-2.4612
0.20889	-2.53499
0.22049	-2.60905
0.2321	-2.68307
0.2437	-2.75685
0.25531	-2.83029
0.26691	-2.90328
0.27852	-2.97574
0.29012	-3.04171
0.30173	-3.05823
0.31333	-3.07436
0.32493	-3.09008
0.33654	-3.1054
0.34814	-3.12029
0.35975	-3.13476
0.37135	-3.1488
0.38296	-3.16238
0.39456	-3.17552
0.40617	-3.1882
0.41777	-3.20041
0.42938	-3.21215
0.44098	-3.22341
0.45259	-3.23419
0.46419	-3.24447
0.4758	-3.25426
0.4874	-3.26355
0.49901	-3.27233
0.51061	-3.28061
0.52222	-3.28836
0.53382	-3.29561
0.54543	-3.30232
0.55703	-3.30852
0.56864	-3.31418
0.58024	-3.31931
0.59185	-3.32391
0.60345	-3.32798
0.61506	-3.3315
0.62666	-3.33449
0.63827	-3.33693
0.64987	-3.33884
0.66147	-3.3402
0.67308	-3.34102
0.68468	-3.34129
0.68468	-3.34129
0.70084	-3.34715
0.717	-3.3646
0.73316	-3.39322
0.74932	-3.43237
0.76547	-3.48122
0.78163	-3.53881
0.79779	-3.60406
0.81395	-3.67591
0.8301	-3.75329
0.84626	-3.83517
0.86242	-3.92054
0.87858	-4.00849
0.89473	-4.09815
0.91089	-4.18873
0.92705	-4.2795
0.94321	-4.33174
0.95937	-4.3073
0.97552	-4.28148
0.99168	-4.25428
1.00784	-4.22574
1.024	-4.19586
1.04015	-4.16469
1.05631	-4.13224
1.07247	-4.09854
1.08863	-4.06362
1.10478	-4.02752
1.12094	-3.99027
1.1371	-3.95192
1.15326	-3.9125
1.16942	-3.87207
1.18557	-3.83067
1.20173	-3.78837
1.21789	-3.74522
1.23405	-3.70129
1.2502	-3.65665
1.26636	-3.61138
1.28252	-3.56558
1.29868	-3.51932
1.31483	-3.47271
1.33099	-3.42587
1.34715	-3.37891
1.36331	-3.33197
1.37947	-3.28518
1.39562	-3.23869
1.41178	-3.19267
1.42794	-3.14729
1.4441	-3.10274
1.46025	-3.05922
1.47641	-3.01692
1.49257	-2.97607
1.50873	-2.93689
1.52488	-2.8996
1.54104	-2.86444
1.5572	-2.83163
1.57336	-2.80138
1.58952	-2.77391
1.60567	-2.7494
1.62183	-2.72802
1.63799	-2.7099

1.63799	-2.7099
1.62183	-2.69515
1.60567	-2.68383
1.58952	-2.67597
1.57336	-2.67153
1.5572	-2.67047
1.54104	-2.67268
1.52488	-2.67801
1.50873	-2.68631
1.49257	-2.69735
1.47641	-2.71093
1.46025	-2.7268
1.4441	-2.7447
1.42794	-2.76437
1.41178	-2.78553
1.39562	-2.80791
1.37947	-2.83125
1.36331	-2.85526
1.34715	-2.87968
1.33099	-2.90425
1.31483	-2.92868
1.29868	-2.95273
1.28252	-2.97611
1.26636	-2.99855
1.2502	-3.01978
1.23405	-3.0395
1.21789	-3.05742
1.20173	-3.07322
1.18557	-3.08655
1.16942	-3.09706
1.15326	-3.10437
1.1371	-3.10806
1.12094	-3.1077
1.10478	-3.10285
1.08863	-3.09303
1.07247	-3.07778
1.05631	-3.05668
1.04015	-3.02934
1.024	-2.99546
1.00784	-2.95484
0.99168	-2.90747
0.97552	-2.85348
0.95937	-2.7932
0.94321	-2.72715
0.92705	-2.65602
0.91089	-2.58067
0.89473	-2.50207
0.87858	-2.42133
0.86242	-2.33964
0.84626	-2.25822
0.8301	-2.17842
0.81395	-2.10159
0.79779	-2.02914
0.78163	-1.96249
0.76547	-1.90304
0.74932	-1.85216
0.73316	-1.81109
0.717	-1.78091
0.70084	-1.76245
0.68468	-1.75624
0.68468	-1.75624
0.67308	-1.75647
0.66147	-1.75719
0.64987	-1.75838
0.63827	-1.76004
0.62666	-1.76219
0.61506	-1.76481
0.60345	-1.76792
0.59185	-1.77151
0.58024	-1.77558
0.56864	-1.78013
0.55703	-1.78517
0.54543	-1.7907
0.53382	-1.79672
0.52222	-1.80323
0.51061	-1.81024
0.49901	-1.81774
0.4874	-1.82573
0.4758	-1.83422
0.46419	-1.8432
0.45259	-1.85268
0.44098	-1.86266
0.42938	-1.87313
0.41777	-1.8841
0.40617	-1.89556
0.39456	-1.9075
0.38296	-1.91993
0.37135	-1.93285
0.35975	-1.94624
0.34814	-1.9601
0.33654	-1.97443
0.32493	-1.98922
0.31333	-2.00447
0.30173	-2.02015
0.29012	-2.03627
0.27852	-2.05281
0.26691	-2.06976
0.25531	-2.08711
0.2437	-2.10485
0.2321	-2.12296
0.22049	-2.14144
0.20889	-2.16025
0.19728	-2.17939
0.18568	-2.19885
0.17407	-2.21861
0.16247	-2.23864
0.15086	-2.25894
0.13926	-2.27949
0.12765	-2.30026
0.11605	-2.32124
0.10444	-2.3424
0.09284	-2.36374
0.08123	-2.38523
0.06963	-2.40685
0.05802	-2.42858
0.04642	-2.4504
0.03481	-2.47229
0.02321	-2.49424
0.0116	-2.51622
0	-2.53821

0	-1.22628
0.0116	-1.29204
0.02321	-1.35916
0.03481	-1.4275
0.04642	-1.49694
0.05802	-1.56734
0.06963	-1.6386
0.08123	-1.71058
0.09284	-1.78318
0.10444	-1.85626
0.11605	-1.92966
0.12765	-2.00315
0.13926	-2.07625
0.15086	-2.14738
0.16247	-2.20591
0.17407	-2.19919
0.18568	-2.15348
0.19728	-2.10214
0.20889	-2.04914
0.22049	-1.99527
0.2321	-1.94079
0.2437	-1.88582
0.25531	-1.83043
0.26691	-1.77467
0.27852	-1.71857
0.29012	-1.66216
0.30173	-1.60548
0.31333	-1.54854
0.32493	-1.49137
0.33654	-1.43401
0.34814	-1.37647
0.35975	-1.3188
0.37135	-1.26101
0.38296	-1.20314
0.39456	-1.14523
0.40617	-1.08732
0.41777	-1.02944
0.42938	-1.03865
0.44098	-1.08542
0.45259	-1.13198
0.46419	-1.17807
0.4758	-1.22347
0.4874	-1.26793
0.49901	-1.31125
0.51061	-1.35321
0.52222	-1.39359
0.53382	-1.43219
0.54543	-1.46882
0.55703	-1.5033
0.56864	-1.53545
0.58024	-1.56508
0.59185	-1.59206
0.60345	-1.61623
0.61506	-1.63746
0.62666	-1.65564
0.63827	-1.67065
0.64987	-1.68242
0.66147	-1.69087
0.67308	-1.69596
0.68468	-1.69766
0.68468	-1.69766
0.70084	-1.69729
0.717	-1.69615
0.73316	-1.69427
0.74932	-1.69166
0.76547	-1.68835
0.78163	-1.68436
0.79779	-1.67973
0.81395	-1.6745
0.8301	-1.66874
0.84626	-1.66249
0.86242	-1.65583
0.87858	-1.64885
0.89473	-1.64163
0.91089	-1.63428
0.92705	-1.6269
0.94321	-1.61964
0.95937	-1.61263
0.97552	-1.60602
0.99168	-1.59999
1.00784	-1.59472
1.024	-1.59039
1.04015	-1.58723
1.05631	-1.58544
1.07247	-1.58525
1.08863	-1.58688
1.10478	-1.59054
1.12094	-1.59644
1.1371	-1.60476
1.15326	-1.61565
1.16942	-1.62922
1.18557	-1.64551
1.20173	-1.66453
1.21789	-1.6862
1.23405	-1.71036
1.2502	-1.7368
1.26636	-1.76524
1.28252	-1.79531
1.29868	-1.82659
1.31483	-1.85863
1.33099	-1.89093
1.34715	-1.92294
1.36331	-1.95412
1.37947	-1.98394
1.39562	-2.01183
1.41178	-2.03727
1.42794	-2.05977
1.4441	-2.07887
1.46025	-2.09415
1.47641	-2.10528
1.49257	-2.11197
1.50873	-2.11402
1.52488	-2.11129
1.54104	-2.10374
1.5572	-2.09139
1.57336	-2.07433
1.58952	-2.05269
1.60567	-2.02667
1.62183	-1.9965
1.63799	-1.96244

1.63799	-1.96244
1.62183	-1.92477
1.60567	-1.88378
1.58952	-1.83975
1.57336	-1.793
1.5572	-1.74379
1.54104	-1.69243
1.52488	-1.63918
1.50873	-1.58432
1.49257	-1.5281
1.47641	-1.47079
1.46025	-1.41261
1.4441	-1.3538
1.42794	-1.29459
1.41178	-1.2352
1.39562	-1.17583
1.37947	-1.11669
1.36331	-1.05797
1.34715	-0.99987
1.33099	-0.94255
1.31483	-0.88618
1.29868	-0.83094
1.28252	-0.77696
1.26636	-0.72439
1.2502	-0.67334
1.23405	-0.62394
1.21789	-0.57628
1.20173	-0.53046
1.18557	-0.48654
1.16942	-0.44459
1.15326	-0.40464
1.1371	-0.36675
1.12094	-0.33092
1.10478	-0.29715
1.08863	-0.26545
1.07247	-0.2358
1.05631	-0.20817
1.04015	-0.18254
1.024	-0.15885
1.00784	-0.13706
0.99168	-0.11713
0.97552	-0.09899
0.95937	-0.0826
0.94321	-0.0679
0.92705	-0.05484
0.91089	-0.04336
0.89473	-0.03341
0.87858	-0.02492
0.86242	-0.01785
0.84626	-0.01211
0.8301	-0.00764
0.81395	-0.00433
0.79779	-0.00206
0.78163	-7.11E-4
0.76547	-9E-5
0.74932	0
0.73316	-2.31E-4
0.717	-5.79E-4
0.70084	-8.67E-4
0.68468	-9.78E-4
0.68468	-9.78E-4
0.67308	-0.00511
0.66147	-0.01729
0.64987	-0.03691
0.63827	-0.06313
0.62666	-0.09499
0.61506	-0.13158
0.60345	-0.17207
0.59185	-0.21577
0.58024	-0.2621
0.56864	-0.31058
0.55703	-0.36084
0.54543	-0.41256
0.53382	-0.46549
0.52222	-0.51944
0.51061	-0.57424
0.49901	-0.62972
0.4874	-0.68578
0.4758	-0.74233
0.46419	-0.79926
0.45259	-0.8565
0.44098	-0.91398
0.42938	-0.97164
0.41777	-0.99192
0.40617	-0.94548
0.39456	-0.89961
0.38296	-0.85459
0.37135	-0.81072
0.35975	-0.76828
0.34814	-0.72759
0.33654	-0.68896
0.32493	-0.65273
0.31333	-0.61922
0.30173	-0.58876
0.29012	-0.56165
0.27852	-0.53821
0.26691	-0.51872
0.25531	-0.50345
0.2437	-0.4926
0.2321	-0.48638
0.22049	-0.48488
0.20889	-0.48821
0.19728	-0.49638
0.18568	-0.50935
0.17407	-0.52706
0.16247	-0.54937
0.15086	-0.57612
0.13926	-0.6071
0.12765	-0.64211
0.11605	-0.6809
0.10444	-0.72325
0.09284	-0.7689
0.08123	-0.81762
0.06963	-0.86918
0.05802	-0.92335
0.04642	-0.97991
0.03481	-1.03867
0.02321	-1.09944
0.0116	-1.16203
0	-1.22628

0	2.1067
0.0116	2.10092
0.02321	2.09385
0.03481	2.08559
0.04642	2.07626
0.05802	2.06602
0.06963	2.05504
0.08123	2.04355
0.09284	2.03179
0.10444	2.02001
0.11605	2.00851
0.12765	1.99758
0.13926	1.98755
0.15086	1.9787
0.16247	1.97136
0.17407	1.96579
0.18568	1.96226
0.19728	1.96099
0.20889	1.96216
0.22049	1.96589
0.2321	1.97225
0.2437	1.96208
0.25531	1.94806
0.26691	1.93392
0.27852	1.9197
0.29012	1.90545
0.30173	1.89119
0.31333	1.87695
0.32493	1.86275
0.33654	1.84858
0.34814	1.83442
0.35975	1.82022
0.37135	1.80582
0.38296	1.79093
0.39456	1.77492
0.40617	1.75638
0.41777	1.73252
0.42938	1.70012
0.44098	1.65958
0.45259	1.61429
0.46419	1.56678
0.4758	1.51829
0.4874	1.46942
0.49901	1.42052
0.51061	1.37178
0.52222	1.32339
0.53382	1.27551
0.54543	1.22828
0.55703	1.18192
0.56864	1.13665
0.58024	1.09277
0.59185	1.05062
0.60345	1.01067
0.61506	0.97346
0.62666	0.93969
0.63827	0.91016
0.64987	0.88577
0.66147	0.86746
0.67308	0.85608
0.68468	0.85221
0.68468	0.85221
0.70084	0.85302
0.717	0.85544
0.73316	0.85949
0.74932	0.86515
0.76547	0.87242
0.78163	0.8813
0.79779	0.8918
0.81395	0.90389
0.8301	0.91758
0.84626	0.93286
0.86242	0.94972
0.87858	0.96816
0.89473	0.98816
0.91089	1.00972
0.92705	1.03282
0.94321	1.05745
0.95937	1.08359
0.97552	1.11122
0.99168	1.14031
1.00784	1.17085
1.024	1.20281
1.04015	1.23615
1.05631	1.27082
1.07247	1.30678
1.08863	1.34398
1.10478	1.38233
1.12094	1.42175
1.1371	1.36785
1.15326	1.31364
1.16942	1.26531
1.18557	1.22311
1.20173	1.18723
1.21789	1.15779
1.23405	1.13486
1.2502	1.11842
1.26636	1.10841
1.28252	1.1047
1.29868	1.10713
1.31483	1.11547
1.33099	1.12949
1.34715	1.14892
1.36331	1.1735
1.37947	1.20295
1.39562	1.23699
1.41178	1.27537
1.42794	1.31782
1.4441	1.3641
1.46025	1.41397
1.47641	1.46723
1.49257	1.46378
1.50873	1.41459
1.52488	1.3713
1.54104	1.33409
1.5572	1.30311
1.57336	1.27845
1.58952	1.26018
1.60567	1.24832
1.62183	1.24284
1.63799	1.24368

1.63799	1.24368
1.62183	1.25069
1.60567	1.26371
1.58952	1.28252
1.57336	1.30685
1.5572	1.33638
1.54104	1.37075
1.52488	1.40955
1.50873	1.45229
1.49257	1.49842
1.47641	1.51868
1.46025	1.57907
1.4441	1.64472
1.42794	1.70077
1.41178	1.74979
1.39562	1.79448
1.37947	1.83223
1.36331	1.86027
1.34715	1.87634
1.33099	1.87946
1.31483	1.87031
1.29868	1.85081
1.28252	1.82334
1.26636	1.79012
1.2502	1.75296
1.23405	1.71323
1.21789	1.67194
1.20173	1.62984
1.18557	1.58745
1.16942	1.54518
1.15326	1.50333
1.1371	1.46213
1.12094	1.42763
1.10478	1.49266
1.08863	1.56255
1.07247	1.63689
1.05631	1.71526
1.04015	1.79721
1.024	1.88228
1.00784	1.97002
0.99168	2.05992
0.97552	2.15152
0.95937	2.24429
0.94321	2.33772
0.92705	2.43125
0.91089	2.52431
0.89473	2.61628
0.87858	2.64101
0.86242	2.49551
0.84626	2.35834
0.8301	2.23035
0.81395	2.11243
0.79779	2.00549
0.78163	1.91046
0.76547	1.82823
0.74932	1.75965
0.73316	1.70545
0.717	1.66626
0.70084	1.64256
0.68468	1.63463
0.68468	1.63463
0.67308	1.6349
0.66147	1.63572
0.64987	1.63708
0.63827	1.639
0.62666	1.64146
0.61506	1.64446
0.60345	1.64802
0.59185	1.65212
0.58024	1.65678
0.56864	1.66198
0.55703	1.66775
0.54543	1.67408
0.53382	1.68098
0.52222	1.68848
0.51061	1.6966
0.49901	1.70539
0.4874	1.71492
0.4758	1.72535
0.46419	1.73693
0.45259	1.75023
0.44098	1.76646
0.42938	1.7881
0.41777	1.8185
0.40617	1.85803
0.39456	1.90346
0.38296	1.95195
0.37135	2.00206
0.35975	2.05314
0.34814	2.10484
0.33654	2.13498
0.32493	2.1096
0.31333	2.08553
0.30173	2.06301
0.29012	2.04227
0.27852	2.02354
0.26691	2.00702
0.25531	1.99288
0.2437	1.98126
0.2321	1.97592
0.22049	1.98952
0.20889	2.00283
0.19728	2.01577
0.18568	2.02829
0.17407	2.0403
0.16247	2.05172
0.15086	2.06248
0.13926	2.0725
0.12765	2.08168
0.11605	2.08996
0.10444	2.09723
0.09284	2.10343
0.08123	2.10847
0.06963	2.11228
0.05802	2.1148
0.04642	2.11597
0.03481	2.11577
0.02321	2.11415
0.0116	2.11112
0	2.1067

0	3.62118
0.0116	3.57841
0.02321	3.53483
0.03481	3.49043
0.04642	3.4452
0.05802	3.39914
0.06963	3.35227
0.08123	3.3046
0.09284	3.25619
0.10444	3.20706
0.11605	3.15727
0.12765	3.10687
0.13926	3.05592
0.15086	3.00447
0.16247	2.95258
0.17407	2.90031
0.18568	2.84772
0.19728	2.79486
0.20889	2.7418
0.22049	2.68857
0.2321	2.63523
0.2437	2.58182
0.25531	2.52839
0.26691	2.47497
0.27852	2.42162
0.29012	2.36835
0.30173	2.31522
0.31333	2.26224
0.32493	2.20949
0.33654	2.157
0.34814	2.16142
0.35975	2.18868
0.37135	2.21654
0.38296	2.24476
0.39456	2.27316
0.40617	2.30151
0.41777	2.32966
0.42938	2.35744
0.44098	2.38468
0.45259	2.41129
0.46419	2.43708
0.4758	2.46199
0.4874	2.48593
0.49901	2.51227
0.51061	2.53051
0.52222	2.55103
0.53382	2.57029
0.54543	2.58824
0.55703	2.60486
0.56864	2.6201
0.58024	2.63394
0.59185	2.64637
0.60345	2.65737
0.61506	2.66692
0.62666	2.67501
0.63827	2.68164
0.64987	2.6868
0.66147	2.6905
0.67308	2.69271
0.68468	2.69345
0.68468	2.69345
0.70084	2.70153
0.717	2.72559
0.73316	2.76511
0.74932	2.81924
0.76547	2.88691
0.78163	2.96686
0.79779	3.05766
0.81395	3.03531
0.8301	2.95954
0.84626	2.87893
0.86242	2.79432
0.87858	2.70652
0.89473	2.79405
0.91089	2.95385
0.92705	3.11968
0.94321	3.29085
0.95937	3.46665
0.97552	3.64732
0.99168	3.83547
1.00784	4.04562
1.024	4.23511
1.04015	4.17699
1.05631	4.09817
1.07247	4.00508
1.08863	3.90228
1.10478	3.7931
1.12094	3.67983
1.1371	3.5641
1.15326	3.44706
1.16942	3.32959
1.18557	3.21233
1.20173	3.0958
1.21789	2.98044
1.23405	2.86658
1.2502	2.75456
1.26636	2.64464
1.28252	2.5371
1.29868	2.43217
1.31483	2.3301
1.33099	2.23112
1.34715	2.13546
1.36331	2.04337
1.37947	1.95507
1.39562	1.87081
1.41178	1.79084
1.42794	1.71539
1.4441	1.6496
1.46025	1.59799
1.47641	1.54725
1.49257	1.52367
1.50873	1.58309
1.52488	1.64531
1.54104	1.71018
1.5572	1.77753
1.57336	1.8472
1.58952	1.91907
1.60567	1.99298
1.62183	2.06883
1.63799	2.14647

1.63799	2.14647
1.62183	2.22579
1.60567	2.30667
1.58952	2.38899
1.57336	2.47264
1.5572	2.55752
1.54104	2.64354
1.52488	2.73071
1.50873	2.81973
1.49257	2.92755
1.47641	2.95145
1.46025	2.88513
1.4441	2.82607
1.42794	2.77498
1.41178	2.73098
1.39562	2.69601
1.37947	2.67245
1.36331	2.66292
1.34715	2.66951
1.33099	2.69303
1.31483	2.73264
1.29868	2.78626
1.28252	2.85136
1.26636	2.92556
1.2502	3.00689
1.23405	3.09385
1.21789	3.18525
1.20173	3.28021
1.18557	3.37801
1.16942	3.47808
1.15326	3.57992
1.1371	3.68306
1.12094	3.78709
1.10478	3.89152
1.08863	3.99591
1.07247	4.09981
1.05631	4.20304
1.04015	4.30551
1.024	4.28966
1.00784	4.26586
0.99168	4.26376
0.97552	4.22844
0.95937	4.16389
0.94321	4.07663
0.92705	3.97356
0.91089	3.86033
0.89473	3.74129
0.87858	3.61984
0.86242	3.49869
0.84626	3.38005
0.8301	3.26584
0.81395	3.15784
0.79779	3.10532
0.78163	3.16864
0.76547	3.2243
0.74932	3.2714
0.73316	3.30909
0.717	3.33659
0.70084	3.35335
0.68468	3.35897
0.68468	3.35897
0.67308	3.35867
0.66147	3.35779
0.64987	3.35632
0.63827	3.3543
0.62666	3.35173
0.61506	3.34864
0.60345	3.34506
0.59185	3.34103
0.58024	3.33659
0.56864	3.33178
0.55703	3.32666
0.54543	3.32126
0.53382	3.31563
0.52222	3.30985
0.51061	3.30397
0.49901	3.29848
0.4874	3.29215
0.4758	3.28632
0.46419	3.28062
0.45259	3.27521
0.44098	3.26987
0.42938	3.26494
0.41777	3.26038
0.40617	3.25625
0.39456	3.25261
0.38296	3.24947
0.37135	3.24695
0.35975	3.24504
0.34814	3.24382
0.33654	3.24332
0.32493	3.24359
0.31333	3.24465
0.30173	3.24656
0.29012	3.24934
0.27852	3.25302
0.26691	3.25765
0.25531	3.26322
0.2437	3.26979
0.2321	3.27736
0.22049	3.28596
0.20889	3.29563
0.19728	3.30631
0.18568	3.31809
0.17407	3.33095
0.16247	3.34491
0.15086	3.35997
0.13926	3.37612
0.12765	3.39339
0.11605	3.41173
0.10444	3.43122
0.09284	3.45187
0.08123	3.47354
0.06963	3.49634
0.05802	3.52021
0.04642	3.5452
0.03481	3.57128
0.02321	3.59844
0.0116	3.62667
0	3.65596